version https://git-lfs.github.com/spec/v1
oid sha256:3277b2676a077edbd4af339af0112efdd1aa80d847cbdaa4563f86e647fdae6c
size 4833859
